1	[[ 0.17550631 -1.14421356  0.43624625  0.11420101  0.52364063  0.23672687
   0.31247482 -0.7019307   0.31542525 -0.1511884  -0.51223242 -0.18477197
  -0.126076  ]
 [-1.14421356  7.45970058 -2.84410763 -0.74453354 -3.41387558 -1.54334092
  -2.03717971  4.57623768 -2.05641508  0.98567295  3.33949947  1.20462096
   0.82195252]
 [ 0.43624625 -2.84410763  1.08435297  0.28386307  1.30158436  0.58841878
   0.77670121 -1.74475002  0.78403497 -0.37580058 -1.27322745 -0.45927739
  -0.31338006]
 [ 0.11420101 -0.74453354  0.28386307  0.07430997  0.34073013  0.15403689
   0.20332567 -0.45674253  0.20524551 -0.09837748 -0.33330685 -0.12023012
  -0.08203696]
 [ 0.52364063 -3.41387558  1.30158436  0.34073013  1.5623343   0.70629829
   0.93229991 -2.09428048  0.9411028  -0.45108575 -1.52829659 -0.55128568
  -0.37616035]
 [ 0.23672687 -1.54334092  0.58841878  0.15403689  0.70629829  0.31930253
   0.42147306 -0.94677997  0.42545268 -0.20392632 -0.69091058 -0.2492246
  -0.17005414]
 [ 0.31247482 -2.03717971  0.77670121  0.20332567  0.93229991  0.42147306
   0.55633616 -1.24973094  0.56158918 -0.26917875 -0.91198844 -0.32897159
  -0.22446813]
 [-0.7019307   4.57623768 -1.74475002 -0.45674253 -2.09428048 -0.94677997
  -1.24973094  2.80734468 -1.26153111  0.60467219  2.0486536   0.73898834
   0.50423604]
 [ 0.31542525 -2.05641508  0.78403497  0.20524551  0.9411028   0.42545268
   0.56158918 -1.26153111  0.56689179 -0.27172038 -0.92059958 -0.33207777
  -0.22658759]
 [-0.1511884   0.98567295 -0.37580058 -0.09837748 -0.45108575 -0.20392632
  -0.26917875  0.60467219 -0.27172038  0.13023996  0.44125822  0.15917023
   0.10860708]
 [-0.51223242  3.33949947 -1.27322745 -0.33330685 -1.52829659 -0.69091058
  -0.91198844  2.0486536  -0.92059958  0.44125822  1.49500048  0.53927517
   0.36796516]
 [-0.18477197  1.20462096 -0.45927739 -0.12023012 -0.55128568 -0.2492246
  -0.32897159  0.73898834 -0.33207777  0.15917023  0.53927517  0.19452681
   0.13273203]
 [-0.126076    0.82195252 -0.31338006 -0.08203696 -0.37616035 -0.17005414
  -0.22446813  0.50423604 -0.22658759  0.10860708  0.36796516  0.13273203
   0.09056743]]
2	[[ 0.16564071]
 [-1.07989466]
 [ 0.41172388]
 [ 0.10778151]
 [ 0.49420562]
 [ 0.22341992]
 [ 0.29490989]
 [-0.66247362]
 [ 0.2976945 ]
 [-0.14268976]
 [-0.48343867]
 [-0.17438553]
 [-0.11898898]]
1	[[ 0.13877667  0.18168996  0.26833975  0.10155044  0.16314    -0.46617007
  -0.15002684  0.10259466  0.06635473  0.22399184  0.18180797 -0.06292605
   0.3286148 ]
 [ 0.18168996  0.23787311  0.35131723  0.13295242  0.21358703 -0.6103217
  -0.19641896  0.13431953  0.0868733   0.29325581  0.2380276  -0.08238438
   0.43023086]
 [ 0.26833975  0.35131723  0.51886398  0.19635879  0.31544885 -0.90139031
  -0.29009315  0.19837788  0.12830406  0.43311247  0.35154539 -0.12167433
   0.63541234]
 [ 0.10155044  0.13295242  0.19635879  0.07430997  0.1193784  -0.34112197
  -0.10978279  0.07507408  0.04855536  0.16390701  0.13303877 -0.04604641
   0.24046531]
 [ 0.16314     0.21358703  0.31544885  0.1193784   0.19178048 -0.54800981
  -0.17636521  0.12060594  0.07800382  0.26331532  0.21372575 -0.0739732
   0.38630566]
 [-0.46617007 -0.6103217  -0.90139031 -0.34112197 -0.54800981  1.56592977
   0.50396091 -0.34462965 -0.22289471 -0.75241959 -0.61071807  0.21137731
  -1.10386264]
 [-0.15002684 -0.19641896 -0.29009315 -0.10978279 -0.17636521  0.50396091
   0.16218902 -0.11091166 -0.07173388 -0.24215011 -0.19654652  0.06802725
  -0.3552545 ]
 [ 0.10259466  0.13431953  0.19837788  0.07507408  0.12060594 -0.34462965
  -0.11091166  0.07584605  0.04905465  0.16559242  0.13440678 -0.04651989
   0.24293795]
 [ 0.06635473  0.0868733   0.12830406  0.04855536  0.07800382 -0.22289471
  -0.07173388  0.04905465  0.03172687  0.10709953  0.08692972 -0.03008748
   0.157124  ]
 [ 0.22399184  0.29325581  0.43311247  0.16390701  0.26331532 -0.75241959
  -0.24215011  0.16559242  0.10709953  0.36153296  0.29344627 -0.10156549
   0.53039914]
 [ 0.18180797  0.2380276   0.35154539  0.13303877  0.21372575 -0.61071807
  -0.19654652  0.13440678  0.08692972  0.29344627  0.2381822  -0.08243789
   0.43051028]
 [-0.06292605 -0.08238438 -0.12167433 -0.04604641 -0.0739732   0.21137731
   0.06802725 -0.04651989 -0.03008748 -0.10156549 -0.08243789  0.0285328
  -0.14900509]
 [ 0.3286148   0.43023086  0.63541234  0.24046531  0.38630566 -1.10386264
  -0.3552545   0.24293795  0.157124    0.53039914  0.43051028 -0.14900509
   0.77814001]]
2	[[-0.36762887]
 [-0.48130906]
 [-0.71085024]
 [-0.26901403]
 [-0.43216896]
 [ 1.23491621]
 [ 0.39743131]
 [-0.27178022]
 [-0.1757782 ]
 [-0.5933696 ]
 [-0.48162165]
 [ 0.16669539]
 [-0.87052298]]
1	[[ 0.16777539 -0.0199773   0.19523917  0.11165745  0.10861067  0.23087078
   0.43078062 -0.32241708  0.21422346  0.23655407  0.61655086 -0.15191393
  -0.17551626]
 [-0.0199773   0.00237873 -0.02324746 -0.01329524 -0.01293246 -0.02749017
  -0.05129378  0.03839074 -0.02550795 -0.02816689 -0.07341375  0.01808865
   0.02089902]
 [ 0.19523917 -0.02324746  0.2271986   0.12993507  0.12638955  0.26866287
   0.5012967  -0.37519473  0.24929048  0.27527648  0.71747637 -0.17678128
  -0.20424718]
 [ 0.11165745 -0.01329524  0.12993507  0.07430997  0.07228229  0.15364853
   0.28669199 -0.21457417  0.14256944  0.15743086  0.41032535 -0.10110137
  -0.11680914]
 [ 0.10861067 -0.01293246  0.12638955  0.07228229  0.07030993  0.14945593
   0.27886909 -0.20871912  0.13867916  0.15313506  0.39912885 -0.09834263
  -0.11362178]
 [ 0.23087078 -0.02749017  0.26866287  0.15364853  0.14945593  0.31769449
   0.59278452 -0.44366863  0.29478657  0.32551509  0.84841752 -0.20904428
  -0.24152277]
 [ 0.43078062 -0.05129378  0.5012967   0.28669199  0.27886909  0.59278452
   1.10607362 -0.82783908  0.55004078  0.60737693  1.58305788 -0.39005467
  -0.45065612]
 [-0.32241708  0.03839074 -0.37519473 -0.21457417 -0.20871912 -0.44366863
  -0.82783908  0.61959481 -0.41167715 -0.45459032 -1.18483722  0.2919358
   0.33729285]
 [ 0.21422346 -0.02550795  0.24929048  0.14256944  0.13867916  0.29478657
   0.55004078 -0.41167715  0.27353051  0.30204326  0.78724092 -0.19397078
  -0.22410735]
 [ 0.23655407 -0.02816689  0.27527648  0.15743086  0.15313506  0.32551509
   0.60737693 -0.45459032  0.30204326  0.33352819  0.86930275 -0.21419027
  -0.24746826]
 [ 0.61655086 -0.07341375  0.71747637  0.41032535  0.39912885  0.84841752
   1.58305788 -1.18483722  0.78724092  0.86930275  2.2657373  -0.55826223
  -0.64499748]
 [-0.15191393  0.01808865 -0.17678128 -0.10110137 -0.09834263 -0.20904428
  -0.39005467  0.2919358  -0.19397078 -0.21419027 -0.55826223  0.13755201
   0.15892299]
 [-0.17551626  0.02089902 -0.20424718 -0.11680914 -0.11362178 -0.24152277
  -0.45065612  0.33729285 -0.22410735 -0.24746826 -0.64499748  0.15892299
   0.18361428]]
2	[[ 0.03712672]
 [-0.00442074]
 [ 0.04320413]
 [ 0.02470848]
 [ 0.02403426]
 [ 0.05108899]
 [ 0.09532668]
 [-0.07134711]
 [ 0.04740513]
 [ 0.05234663]
 [ 0.13643546]
 [-0.03361677]
 [-0.03883969]]
1	[[  6.43879175e-03   3.91358584e-02  -9.88538265e-02   2.18738765e-02
   -3.48689742e-02   2.09926385e-02  -6.96959049e-02   5.76610193e-02
    4.19667251e-02   2.49592518e-03   1.39333785e-01   1.02509387e-01
    3.19783092e-02]
 [  3.91358584e-02   2.37873107e-01  -6.00847065e-01   1.32952422e-01
   -2.11938411e-01   1.27596125e-01  -4.23621267e-01   3.50471586e-01
    2.55079508e-01   1.51705751e-02   8.46889853e-01   6.23066068e-01
    1.94368556e-01]
 [ -9.88538265e-02  -6.00847065e-01   1.51768827e+00  -3.35826427e-01
    5.35338283e-01  -3.22296888e-01   1.07003105e+00  -8.85261178e-01
   -6.44308984e-01  -3.83195728e-02  -2.13917112e+00  -1.57381153e+00
   -4.90958303e-01]
 [  2.18738765e-02   1.32952422e-01  -3.35826427e-01   7.43099749e-02
   -1.18456952e-01   7.13162348e-02  -2.36771077e-01   1.95886135e-01
    1.42569438e-01   8.47916212e-03   4.73345011e-01   3.48245084e-01
    1.08636782e-01]
 [ -3.48689742e-02  -2.11938411e-01   5.35338283e-01  -1.18456952e-01
    1.88831314e-01  -1.13684654e-01   3.77434909e-01  -3.12260568e-01
   -2.27268830e-01  -1.35165667e-02  -7.54555583e-01  -5.55134773e-01
   -1.73177049e-01]
 [  2.09926385e-02   1.27596125e-01  -3.22296888e-01   7.13162348e-02
   -1.13684654e-01   6.84430972e-02  -2.27232218e-01   1.87994421e-01
    1.36825711e-01   8.13756045e-03   4.54275250e-01   3.34215254e-01
    1.04260102e-01]
 [ -6.96959049e-02  -4.23621267e-01   1.07003105e+00  -2.36771077e-01
    3.77434909e-01  -2.27232218e-01   7.54414737e-01  -6.24144614e-01
   -4.54263628e-01  -2.70168334e-02  -1.50820136e+00  -1.10960019e+00
   -3.46145272e-01]
 [  5.76610193e-02   3.50471586e-01  -8.85261178e-01   1.95886135e-01
   -3.12260568e-01   1.87994421e-01  -6.24144614e-01   5.16369164e-01
    3.75822693e-01   2.23516468e-02   1.24776959e+00   9.17997658e-01
    2.86373913e-01]
 [  4.19667251e-02   2.55079508e-01  -6.44308984e-01   1.42569438e-01
   -2.27268830e-01   1.36825711e-01  -4.54263628e-01   3.75822693e-01
    2.73530513e-01   1.62679292e-02   9.08149064e-01   6.68135166e-01
    2.08428070e-01]
 [  2.49592518e-03   1.51705751e-02  -3.83195728e-02   8.47916212e-03
   -1.35165667e-02   8.13756045e-03  -2.70168334e-02   2.23516468e-02
    1.62679292e-02   9.67517379e-04   5.40111773e-02   3.97366099e-02
    1.23960329e-02]
 [  1.39333785e-01   8.46889853e-01  -2.13917112e+00   4.73345011e-01
   -7.54555583e-01   4.54275250e-01  -1.50820136e+00   1.24776959e+00
    9.08149064e-01   5.40111773e-02   3.01514697e+00   2.21827650e+00
    6.92002356e-01]
 [  1.02509387e-01   6.23066068e-01  -1.57381153e+00   3.48245084e-01
   -5.55134773e-01   3.34215254e-01  -1.10960019e+00   9.17997658e-01
    6.68135166e-01   3.97366099e-02   2.21827650e+00   1.63201034e+00
    5.09113669e-01]
 [  3.19783092e-02   1.94368556e-01  -4.90958303e-01   1.08636782e-01
   -1.73177049e-01   1.04260102e-01  -3.46145272e-01   2.86373913e-01
    2.08428070e-01   1.23960329e-02   6.92002356e-01   5.09113669e-01
    1.58820540e-01]]
2	[[-0.02154686]
 [-0.13096474]
 [ 0.33080569]
 [-0.07319902]
 [ 0.11668599]
 [-0.07025003]
 [ 0.23323126]
 [-0.19295758]
 [-0.14043798]
 [-0.0083524 ]
 [-0.46626836]
 [-0.34303871]
 [-0.10701263]]
1	[[ 0.10841051  0.16058625  0.14397049  0.08975513  0.04748655  0.13820697
  -0.15367635 -0.0724459   0.21005373  0.19797468 -0.38736019 -0.10857718
  -0.09308823]
 [ 0.16058625  0.23787311  0.21326052  0.13295242  0.07034084  0.20472313
  -0.22763759 -0.10731261  0.31114826  0.29325581 -0.57378864 -0.16083314
  -0.13788968]
 [ 0.14397049  0.21326052  0.19119456  0.1191959   0.06306271  0.18354055
  -0.20408405 -0.09620903  0.27895391  0.26291278 -0.51441908 -0.14419182
  -0.12362231]
 [ 0.08975513  0.13295242  0.1191959   0.07430997  0.03931502  0.11442418
  -0.12723157 -0.05997934  0.17390747  0.16390701 -0.32070288 -0.08989312
  -0.07706952]
 [ 0.04748655  0.07034084  0.06306271  0.03931502  0.02080031  0.06053815
  -0.06731413 -0.03173314  0.09200884  0.08671792 -0.16967356 -0.04755955
  -0.040775  ]
 [ 0.13820697  0.20472313  0.18354055  0.11442418  0.06053815  0.17619294
  -0.19591404 -0.09235754  0.26778665  0.2523877  -0.49382553 -0.13841945
  -0.11867339]
 [-0.15367635 -0.22763759 -0.20408405 -0.12723157 -0.06731413 -0.19591404
   0.2178425   0.10269503 -0.29775974 -0.2806372   0.54909897  0.1539126
   0.13195638]
 [-0.0724459  -0.10731261 -0.09620903 -0.05997934 -0.03173314 -0.09235754
   0.10269503  0.04841235 -0.1403695  -0.13229762  0.25885549  0.07255727
   0.0622067 ]
 [ 0.21005373  0.31114826  0.27895391  0.17390747  0.09200884  0.26778665
  -0.29775974 -0.1403695   0.40699527  0.38359118 -0.7505402  -0.21037665
  -0.18036562]
 [ 0.19797468  0.29325581  0.26291278  0.16390701  0.08671792  0.2523877
  -0.2806372  -0.13229762  0.38359118  0.36153296 -0.70738071 -0.19827904
  -0.16999379]
 [-0.38736019 -0.57378864 -0.51441908 -0.32070288 -0.16967356 -0.49382553
   0.54909897  0.25885549 -0.7505402  -0.70738071  1.38407171  0.38795573
   0.33261237]
 [-0.10857718 -0.16083314 -0.14419182 -0.08989312 -0.04755955 -0.13841945
   0.1539126   0.07255727 -0.21037665 -0.19827904  0.38795573  0.10874411
   0.09323134]
 [-0.09308823 -0.13788968 -0.12362231 -0.07706952 -0.040775   -0.11867339
   0.13195638  0.0622067  -0.18036562 -0.16999379  0.33261237  0.09323134
   0.07993154]]
2	[[ 0.18035342]
 [ 0.2671538 ]
 [ 0.23951153]
 [ 0.14931802]
 [ 0.07899936]
 [ 0.22992326]
 [-0.25565836]
 [-0.12052212]
 [ 0.34944862]
 [ 0.32935375]
 [-0.64441842]
 [-0.18063068]
 [-0.15486303]]
1	[[  1.74916908e-01  -1.23204195e+00   5.72206318e-01   1.14009082e-01
    6.13081336e-01   3.25531326e-02   5.51397264e-01  -1.05255234e+00
    4.11055028e-01   4.15415496e-01   4.94135991e-02   6.91239461e-02
   -1.62354112e-02]
 [ -1.23204195e+00   8.67799091e+00  -4.03038359e+00  -8.03032577e-01
   -4.31828976e+00  -2.29290724e-01  -3.88381314e+00   7.41374111e+00
   -2.89530087e+00  -2.92601395e+00  -3.48048836e-01  -4.86880332e-01
    1.14355482e-01]
 [  5.72206318e-01  -4.03038359e+00   1.87186086e+00   3.72958362e-01
    2.00557542e+00   1.06491186e-01   1.80378807e+00  -3.44321871e+00
    1.34468591e+00   1.35895026e+00   1.61646888e-01   2.26125434e-01
   -5.31109609e-02]
 [  1.14009082e-01  -8.03032577e-01   3.72958362e-01   7.43099749e-02
    3.99600267e-01   2.12178044e-02   3.59395236e-01  -6.86043084e-01
    2.67921567e-01   2.70763636e-01   3.22072878e-02   4.50542942e-02
   -1.05820782e-02]
 [  6.13081336e-01  -4.31828976e+00   2.00557542e+00   3.99600267e-01
    2.14884162e+00   1.14098281e-01   1.93263996e+00  -3.68918157e+00
    1.44074225e+00   1.45602560e+00   1.73193976e-01   2.42278472e-01
   -5.69048896e-02]
 [  3.25531326e-02  -2.29290724e-01   1.06491186e-01   2.12178044e-02
    1.14098281e-01   6.05834182e-03   1.02618493e-01  -1.95886597e-01
    7.64999166e-02   7.73114264e-02   9.19617992e-03   1.28643997e-02
   -3.02151171e-03]
 [  5.51397264e-01  -3.88381314e+00   1.80378807e+00   3.59395236e-01
    1.93263996e+00   1.02618493e-01   1.73819089e+00  -3.31800151e+00
    1.29578459e+00   1.30953026e+00   1.55768380e-01   2.17902079e-01
   -5.11795096e-02]
 [ -1.05255234e+00   7.41374111e+00  -3.44321871e+00  -6.86043084e-01
   -3.68918157e+00  -1.95886597e-01  -3.31800151e+00   6.33367348e+00
   -2.47350001e+00  -2.49973869e+00  -2.97343493e-01  -4.15949374e-01
    9.76956487e-02]
 [  4.11055028e-01  -2.89530087e+00   1.34468591e+00   2.67921567e-01
    1.44074225e+00   7.64999166e-02   1.29578459e+00  -2.47350001e+00
    9.65980113e-01   9.76227164e-01   1.16122045e-01   1.62441403e-01
   -3.81532460e-02]
 [  4.15415496e-01  -2.92601395e+00   1.35895026e+00   2.70763636e-01
    1.45602560e+00   7.73114264e-02   1.30953026e+00  -2.49973869e+00
    9.76227164e-01   9.86582875e-01   1.17353857e-01   1.64164558e-01
   -3.85579728e-02]
 [  4.94135991e-02  -3.48048836e-01   1.61646888e-01   3.22072878e-02
    1.73193976e-01   9.19617992e-03   1.55768380e-01  -2.97343493e-01
    1.16122045e-01   1.17353857e-01   1.39592206e-02   1.95273459e-02
   -4.58646379e-03]
 [  6.91239461e-02  -4.86880332e-01   2.26125434e-01   4.50542942e-02
    2.42278472e-01   1.28643997e-02   2.17902079e-01  -4.15949374e-01
    1.62441403e-01   1.64164558e-01   1.95273459e-02   2.73165125e-02
   -6.41593570e-03]
 [ -1.62354112e-02   1.14355482e-01  -5.31109609e-02  -1.05820782e-02
   -5.69048896e-02  -3.02151171e-03  -5.11795096e-02   9.76956487e-02
   -3.81532460e-02  -3.85579728e-02  -4.58646379e-03  -6.41593570e-03
    1.50693592e-03]]
2	[[ 0.11073933]
 [-0.78000176]
 [ 0.36226198]
 [ 0.07217878]
 [ 0.38813981]
 [ 0.02060928]
 [ 0.34908783]
 [-0.66636753]
 [ 0.2602376 ]
 [ 0.26299819]
 [ 0.03128359]
 [ 0.04376215]
 [-0.01027859]]
1	[[ 0.16710299  0.19937229  0.0672069   0.11143348  0.02717497 -0.25063428
  -0.18933977  0.2171637   0.16679999 -0.05769319  0.12389953 -0.17442277
   0.14285395]
 [ 0.19937229  0.23787311  0.08018523  0.13295242  0.03242273 -0.29903433
  -0.22590321  0.2591002   0.19901076 -0.06883433  0.14782579 -0.20810558
   0.1704405 ]
 [ 0.0672069   0.08018523  0.02702984  0.04481726  0.01092946 -0.10080222
  -0.07615028  0.08734073  0.06708503 -0.02320354  0.04983096 -0.07015082
   0.05745421]
 [ 0.11143348  0.13295242  0.04481726  0.07430997  0.01812176 -0.16713674
  -0.12626219  0.1448167   0.11123142 -0.038473    0.08262303 -0.1163147
   0.09526287]
 [ 0.02717497  0.03242273  0.01092946  0.01812176  0.0044193  -0.04075916
  -0.0307912   0.03531604  0.02712569 -0.0093823   0.02014904 -0.02836534
   0.02323149]
 [-0.25063428 -0.29903433 -0.10080222 -0.16713674 -0.04075916  0.37592113
   0.28398678 -0.32571927 -0.25017983  0.08653282 -0.18583432  0.26161307
  -0.21426363]
 [-0.18933977 -0.22590321 -0.07615028 -0.12626219 -0.0307912   0.28398678
   0.21453567 -0.24606216 -0.18899645  0.06537056 -0.14038713  0.19763361
  -0.16186385]
 [ 0.2171637   0.2591002   0.08734073  0.1448167   0.03531604 -0.32571927
  -0.24606216  0.28222156  0.2167699  -0.07497691  0.16101734 -0.22667632
   0.18565011]
 [ 0.16679999  0.19901076  0.06708503  0.11123142  0.02712569 -0.25017983
  -0.18899645  0.2167699   0.16649753 -0.05758858  0.12367487 -0.17410648
   0.1425949 ]
 [-0.05769319 -0.06883433 -0.02320354 -0.038473   -0.0093823   0.08653282
   0.06537056 -0.07497691 -0.05758858  0.01991888 -0.04277697  0.06022038
  -0.04932108]
 [ 0.12389953  0.14782579  0.04983096  0.08262303  0.02014904 -0.18583432
  -0.14038713  0.16101734  0.12367487 -0.04277697  0.09186606 -0.12932682
   0.10591993]
 [-0.17442277 -0.20810558 -0.07015082 -0.1163147  -0.02836534  0.26161307
   0.19763361 -0.22667632 -0.17410648  0.06022038 -0.12932682  0.18206318
  -0.14911151]
 [ 0.14285395  0.1704405   0.05745421  0.09526287  0.02323149 -0.21426363
  -0.16186385  0.18565011  0.1425949  -0.04932108  0.10591993 -0.14911151
   0.12212378]]
2	[[-0.01188767]
 [-0.0141833 ]
 [-0.00478108]
 [-0.00792735]
 [-0.00193322]
 [ 0.01783007]
 [ 0.01346959]
 [-0.01544898]
 [-0.01186611]
 [ 0.00410428]
 [-0.00881419]
 [ 0.0124084 ]
 [-0.0101626 ]]
1	[[ 0.17199339 -0.17152381  0.33261916  0.11305231  0.41448078  0.16935381
   0.69572186 -0.59531182  0.26457608  0.40700299  0.31745082 -0.18291344
   0.2454993 ]
 [-0.17152381  0.17105551 -0.33171102 -0.11274365 -0.41334915 -0.16889144
  -0.69382238  0.59368652 -0.26385373 -0.40589178 -0.31658411  0.18241404
  -0.24482904]
 [ 0.33261916 -0.33171102  0.64325434  0.21863261  0.80156714  0.32751447
   1.34546101 -1.15127742  0.5116654   0.78710574  0.61392021 -0.3537375
   0.47477272]
 [ 0.11305231 -0.11274365  0.21863261  0.07430997  0.27244076  0.11131731
   0.45730224 -0.39130211  0.17390747  0.26752555  0.20866238 -0.12023012
   0.16136819]
 [ 0.41448078 -0.41334915  0.80156714  0.27244076  0.9988426   0.40811977
   1.67659545 -1.43462086  0.63759249  0.98082209  0.76501352 -0.44079661
   0.59162009]
 [ 0.16935381 -0.16889144  0.32751447  0.11131731  0.40811977  0.16675475
   0.68504465 -0.58617562  0.26051563  0.40075672  0.31257892 -0.18010627
   0.24173164]
 [ 0.69572186 -0.69382238  1.34546101  0.45730224  1.67659545  0.68504465
   2.81422949 -2.40806603  1.07022333  1.64634728  1.28410435 -0.73989397
   0.99305689]
 [-0.59531182  0.59368652 -1.15127742 -0.39130211 -1.43462086 -0.58617562
  -2.40806603  2.06052208 -0.91576344 -1.40873837 -1.0987761   0.63310879
  -0.84973407]
 [ 0.26457608 -0.26385373  0.5116654   0.17390747  0.63759249  0.26051563
   1.07022333 -0.91576344  0.40699527  0.62608945  0.48833209 -0.28137428
   0.37764964]
 [ 0.40700299 -0.40589178  0.78710574  0.26752555  0.98082209  0.40075672
   1.64634728 -1.40873837  0.62608945  0.96312666  0.75121158 -0.43284404
   0.58094645]
 [ 0.31745082 -0.31658411  0.61392021  0.20866238  0.76501352  0.31257892
   1.28410435 -1.0987761   0.48833209  0.75121158  0.58592385 -0.33760613
   0.45312181]
 [-0.18291344  0.18241404 -0.3537375  -0.12023012 -0.44079661 -0.18010627
  -0.73989397  0.63310879 -0.28137428 -0.43284404 -0.33760613  0.19452681
  -0.26108631]
 [ 0.2454993  -0.24482904  0.47477272  0.16136819  0.59162009  0.24173164
   0.99305689 -0.84973407  0.37764964  0.58094645  0.45312181 -0.26108631
   0.35041991]]
2	[[-0.03914267]
 [ 0.0390358 ]
 [-0.07569827]
 [-0.02572872]
 [-0.09432854]
 [-0.03854195]
 [-0.15833405]
 [ 0.1354825 ]
 [-0.06021286]
 [-0.09262672]
 [-0.07224622]
 [ 0.04162788]
 [-0.05587132]]
1	[[ 0.17018448  0.20120215  0.49639502  0.11245623  0.39091367 -0.66492671
   0.08911851  0.05880096  0.35803121  0.32400185  0.08688864 -0.181949
   0.3737362 ]
 [ 0.20120215  0.23787311  0.58686763  0.13295242  0.4621613  -0.78611571
   0.10536118  0.06951797  0.42328569  0.38305417  0.10272489 -0.2151109
   0.44185308]
 [ 0.49639502  0.58686763  1.4478879   0.32801297  1.14021921 -1.93946195
   0.25994137  0.17151096  1.04430747  0.94505042  0.25343728 -0.53070992
   1.0901159 ]
 [ 0.11245623  0.13295242  0.32801297  0.07430997  0.25831193 -0.43937704
   0.05888864  0.0388551   0.23658352  0.21409725  0.05741516 -0.12023012
   0.24696122]
 [ 0.39091367  0.4621613   1.14021921  0.25831193  0.8979286  -1.52733648
   0.20470519  0.13506578  0.82239759  0.74423212  0.19958317 -0.4179368
   0.85847193]
 [-0.66492671 -0.78611571 -1.93946195 -0.43937704 -1.52733648  2.59793091
  -0.34819439 -0.22974086 -1.39886153 -1.26590562 -0.33948207  0.71089184
  -1.46022236]
 [ 0.08911851  0.10536118  0.25994137  0.05888864  0.20470519 -0.34819439
   0.04666765  0.03079161  0.18748602  0.16966626  0.04549995 -0.09527911
   0.19571006]
 [ 0.05880096  0.06951797  0.17151096  0.0388551   0.13506578 -0.22974086
   0.03079161  0.0203165   0.12370446  0.11194687  0.03002116 -0.06286576
   0.12913074]
 [ 0.35803121  0.42328569  1.04430747  0.23658352  0.82239759 -1.39886153
   0.18748602  0.12370446  0.75322002  0.6816296   0.18279484 -0.38278124
   0.78625989]
 [ 0.32400185  0.38305417  0.94505042  0.21409725  0.74423212 -1.26590562
   0.16966626  0.11194687  0.6816296   0.61684358  0.16542096 -0.34639949
   0.7115292 ]
 [ 0.08688864  0.10272489  0.25343728  0.05741516  0.19958317 -0.33948207
   0.04549995  0.03002116  0.18279484  0.16542096  0.04436148 -0.09289509
   0.19081312]
 [-0.181949   -0.2151109  -0.53070992 -0.12023012 -0.4179368   0.71089184
  -0.09527911 -0.06286576 -0.38278124 -0.34639949 -0.09289509  0.19452681
  -0.3995719 ]
 [ 0.3737362   0.44185308  1.0901159   0.24696122  0.85847193 -1.46022236
   0.19571006  0.12913074  0.78625989  0.7115292   0.19081312 -0.3995719
   0.8207491 ]]
2	[[-0.4789483 ]
 [-0.56624103]
 [-1.39699912]
 [-0.31648433]
 [-1.10014403]
 [ 1.87129593]
 [-0.25080526]
 [-0.16548288]
 [-1.00760329]
 [-0.91183484]
 [-0.24452974]
 [ 0.51205707]
 [-1.05180168]]
1	[[  2.06284076e-02   7.00495765e-02  -1.76939234e-01   3.91522236e-02
   -3.92436594e-01   3.16409692e-02  -1.60501182e-01   1.62218288e-01
    7.51165673e-02   4.46747616e-03   2.49394640e-01   2.89385378e-01
   -3.04947078e-01]
 [  7.00495765e-02   2.37873107e-01  -6.00847065e-01   1.32952422e-01
   -1.33262920e+00   1.07445836e-01  -5.45027018e-01   5.50857961e-01
    2.55079508e-01   1.51705751e-02   8.46889853e-01   9.82689679e-01
   -1.03553379e+00]
 [ -1.76939234e-01  -6.00847065e-01   1.51768827e+00  -3.35826427e-01
    3.36610723e+00  -2.71398962e-01   1.37669158e+00  -1.39142001e+00
   -6.44308984e-01  -3.83195728e-02  -2.13917112e+00  -2.48218989e+00
    2.61566973e+00]
 [  3.91522236e-02   1.32952422e-01  -3.35826427e-01   7.43099749e-02
   -7.44835258e-01   6.00537993e-02  -3.04627389e-01   3.07886392e-01
    1.42569438e-01   8.47916212e-03   4.73345011e-01   5.49246490e-01
   -5.78782260e-01]
 [ -3.92436594e-01  -1.33262920e+00   3.36610723e+00  -7.44835258e-01
    7.46574736e+00  -6.01940513e-01   3.05338836e+00  -3.08605456e+00
   -1.42902398e+00  -8.49896446e-02  -4.74450493e+00  -5.50529242e+00
    5.80133963e+00]
 [  3.16409692e-02   1.07445836e-01  -2.71398962e-01   6.00537993e-02
   -6.01940513e-01   4.85326312e-02  -2.46185407e-01   2.48819187e-01
    1.15217857e-01   6.85245683e-03   3.82534981e-01   4.43874955e-01
   -4.67744350e-01]
 [ -1.60501182e-01  -5.45027018e-01   1.37669158e+00  -3.04627389e-01
    3.05338836e+00  -2.46185407e-01   1.24879384e+00  -1.26215398e+00
   -5.84451199e-01  -3.47595997e-02  -1.94043744e+00  -2.25158882e+00
    2.37266827e+00]
 [  1.62218288e-01   5.50857961e-01  -1.39142001e+00   3.07886392e-01
   -3.08605456e+00   2.48819187e-01  -1.26215398e+00   1.27565694e+00
    5.90703905e-01   3.51314694e-02   1.96119690e+00   2.27567720e+00
   -2.39805198e+00]
 [  7.51165673e-02   2.55079508e-01  -6.44308984e-01   1.42569438e-01
   -1.42902398e+00   1.15217857e-01  -5.84451199e-01   5.90703905e-01
    2.73530513e-01   1.62679292e-02   9.08149064e-01   1.05377185e+00
   -1.11043847e+00]
 [  4.46747616e-03   1.51705751e-02  -3.83195728e-02   8.47916212e-03
   -8.49896446e-02   6.85245683e-03  -3.47595997e-02   3.51314694e-02
    1.62679292e-02   9.67517379e-04   5.40111773e-02   6.26719370e-02
   -6.60421178e-02]
 [  2.49394640e-01   8.46889853e-01  -2.13917112e+00   4.73345011e-01
   -4.74450493e+00   3.82534981e-01  -1.94043744e+00   1.96119690e+00
    9.08149064e-01   5.40111773e-02   3.01514697e+00   3.49862981e+00
   -3.68676853e+00]
 [  2.89385378e-01   9.82689679e-01  -2.48218989e+00   5.49246490e-01
   -5.50529242e+00   4.43874955e-01  -2.25158882e+00   2.27567720e+00
    1.05377185e+00   6.26719370e-02   3.49862981e+00   4.05963945e+00
   -4.27794647e+00]
 [ -3.04947078e-01  -1.03553379e+00   2.61566973e+00  -5.78782260e-01
    5.80133963e+00  -4.67744350e-01   2.37266827e+00  -2.39805198e+00
   -1.11043847e+00  -6.60421178e-02  -3.68676853e+00  -4.27794647e+00
    4.50799322e+00]]
2	[[ 0.13651022]
 [ 0.46355894]
 [-1.17091024]
 [ 0.25909311]
 [-2.596982  ]
 [ 0.20938675]
 [-1.06212997]
 [ 1.07349312]
 [ 0.49709016]
 [ 0.0295639 ]
 [ 1.65038991]
 [ 1.91503191]
 [-2.01801276]]
1	[[ 0.16520652  0.1982377   0.48908129  0.11079933  0.38515407 -1.03325689
  -0.10732097  0.0579346   0.35275608  0.31922811  0.08560845 -0.17926823
   0.48103917]
 [ 0.1982377   0.23787311  0.58686763  0.13295242  0.4621613  -1.23984492
  -0.12877859  0.06951797  0.42328569  0.38305417  0.10272489 -0.2151109
   0.57721752]
 [ 0.48908129  0.58686763  1.4478879   0.32801297  1.14021921 -3.05887794
  -0.31771553  0.17151096  1.04430747  0.94505042  0.25343728 -0.53070992
   1.42407966]
 [ 0.11079933  0.13295242  0.32801297  0.07430997  0.25831193 -0.69297612
  -0.07197713  0.0388551   0.23658352  0.21409725  0.05741516 -0.12023012
   0.32261935]
 [ 0.38515407  0.4621613   1.14021921  0.25831193  0.8979286  -2.40888238
  -0.25020266  0.13506578  0.82239759  0.74423212  0.19958317 -0.4179368
   1.12147021]
 [-1.03325689 -1.23984492 -3.05887794 -0.69297612 -2.40888238  6.46233416
   0.67122126 -0.36234239 -2.20625448 -1.99655938 -0.53542387  1.12120342
  -3.00857973]
 [-0.10732097 -0.12877859 -0.31771553 -0.07197713 -0.25020266  0.67122126
   0.06971753 -0.0376353  -0.22915636 -0.207376   -0.0556127   0.11645569
  -0.31249124]
 [ 0.0579346   0.06951797  0.17151096  0.0388551   0.13506578 -0.36234239
  -0.0376353   0.0203165   0.12370446  0.11194687  0.03002116 -0.06286576
   0.16869076]
 [ 0.35275608  0.42328569  1.04430747  0.23658352  0.82239759 -2.20625448
  -0.22915636  0.12370446  0.75322002  0.6816296   0.18279484 -0.38278124
   1.02713561]
 [ 0.31922811  0.38305417  0.94505042  0.21409725  0.74423212 -1.99655938
  -0.207376    0.11194687  0.6816296   0.61684358  0.16542096 -0.34639949
   0.92951065]
 [ 0.08560845  0.10272489  0.25343728  0.05741516  0.19958317 -0.53542387
  -0.0556127   0.03002116  0.18279484  0.16542096  0.04436148 -0.09289509
   0.24926992]
 [-0.17926823 -0.2151109  -0.53070992 -0.12023012 -0.4179368   1.12120342
   0.11645569 -0.06286576 -0.38278124 -0.34639949 -0.09289509  0.19452681
  -0.52198327]
 [ 0.48103917  0.57721752  1.42407966  0.32261935  1.12147021 -3.00857973
  -0.31249124  0.16869076  1.02713561  0.92951065  0.24926992 -0.52198327
   1.40066302]]
2	[[-0.7151987 ]
 [-0.85819459]
 [-2.11729121]
 [-0.47966349]
 [-1.66737783]
 [ 4.4730916 ]
 [ 0.46460524]
 [-0.25080577]
 [-1.52712309]
 [-1.38197637]
 [-0.37060913]
 [ 0.77607346]
 [-2.08247566]]
1	[[ 0.15145235  0.18980633  0.07022845  0.10608686  0.03595645  0.01033151
  -0.19686206  0.09846428  0.24827483  0.24093205  0.00999255 -0.15666653
   0.2592856 ]
 [ 0.18980633  0.23787311  0.08801319  0.13295242  0.0450621   0.01294788
  -0.24671565  0.1233995   0.31114826  0.30194595  0.01252308 -0.19634095
   0.32494742]
 [ 0.07022845  0.08801319  0.03256493  0.04919247  0.016673    0.00479072
  -0.09128493  0.04565788  0.11512503  0.11172019  0.00463355 -0.07264627
   0.12023073]
 [ 0.10608686  0.13295242  0.04919247  0.07430997  0.02518618  0.00723685
  -0.1378947   0.06897064  0.17390747  0.16876413  0.00699942 -0.10973919
   0.18162012]
 [ 0.03595645  0.0450621   0.016673    0.02518618  0.00853645  0.00245281
  -0.04673721  0.0233765   0.05894316  0.05719991  0.00237234 -0.03719435
   0.06155724]
 [ 0.01033151  0.01294788  0.00479072  0.00723685  0.00245281  0.00070478
  -0.01342919  0.00671687  0.01693638  0.01643549  0.00068165 -0.01068721
   0.0176875 ]
 [-0.19686206 -0.24671565 -0.09128493 -0.1378947  -0.04673721 -0.01342919
   0.25588688 -0.12798667 -0.32271466 -0.31317031 -0.0129886   0.2036396
  -0.33702677]
 [ 0.09846428  0.1233995   0.04565788  0.06897064  0.0233765   0.00671687
  -0.12798667  0.06401495  0.16141184  0.15663806  0.0064965  -0.10185419
   0.16857032]
 [ 0.24827483  0.31114826  0.11512503  0.17390747  0.05894316  0.01693638
  -0.32271466  0.16141184  0.40699527  0.39495829  0.01638072 -0.25682238
   0.42504516]
 [ 0.24093205  0.30194595  0.11172019  0.16876413  0.05719991  0.01643549
  -0.31317031  0.15663806  0.39495829  0.38327733  0.01589626 -0.24922681
   0.41247436]
 [ 0.00999255  0.01252308  0.00463355  0.00699942  0.00237234  0.00068165
  -0.0129886   0.0064965   0.01638072  0.01589626  0.00065929 -0.01033657
   0.01710719]
 [-0.15666653 -0.19634095 -0.07264627 -0.10973919 -0.03719435 -0.01068721
   0.2036396  -0.10185419 -0.25682238 -0.24922681 -0.01033657  0.16206022
  -0.26821226]
 [ 0.2592856   0.32494742  0.12023073  0.18162012  0.06155724  0.0176875
  -0.33702677  0.16857032  0.42504516  0.41247436  0.01710719 -0.26821226
   0.44389555]]
2	[[ 0.03951009]
 [ 0.04951567]
 [ 0.01832083]
 [ 0.02767538]
 [ 0.00938013]
 [ 0.00269523]
 [-0.05135633]
 [ 0.02568684]
 [ 0.06476862]
 [ 0.06285308]
 [ 0.0026068 ]
 [-0.04087033]
 [ 0.06764106]]
1	[[  0.44392821  -0.32495937   0.67693925  -0.1816268    0.71544164
    0.09052302   0.64031315  -0.57861346   1.10685349   1.02002478
    0.53740484  -2.16204071   1.06721771]
 [ -0.32495937   0.23787311  -0.49552548   0.13295242  -0.5237096
   -0.06626365  -0.46871483   0.42355013  -0.8102265   -0.74666709
   -0.39338508   1.58263278  -0.78121275]
 [  0.67693925  -0.49552548   1.0322541   -0.2769599    1.09096587
    0.13803715   0.97640353  -0.88231868   1.68782377   1.55541992
    0.8194803   -3.29686213   1.62738371]
 [ -0.1816268    0.13295242  -0.2769599    0.07430997  -0.2927126
   -0.03703618  -0.26197484   0.23673132  -0.45285308  -0.41732836
   -0.21987142   0.88456762  -0.43663669]
 [  0.71544164  -0.5237096    1.09096587  -0.2927126    1.15301692
    0.14588831   1.03193867  -0.93250245   1.78382242   1.64388776
    0.86609006  -3.48437834   1.71994472]
 [  0.09052302  -0.06626365   0.13803715  -0.03703618   0.14588831
    0.01845888   0.13056858  -0.11798717   0.22570252   0.20799695
    0.10958418  -0.44086957   0.21762024]
 [  0.64031315  -0.46871483   0.97640353  -0.26197484   1.03193867
    0.13056858   0.92357481  -0.83458036   1.59650326   1.47126317
    0.77514195  -3.11848402   1.53933334]
 [ -0.57861346   0.42355013  -0.88231868   0.23673132  -0.93250245
   -0.11798717  -0.83458036   0.75416136  -1.44266641  -1.32949424
   -0.70045036   2.81799102  -1.39100528]
 [  1.10685349  -0.8102265    1.68782377  -0.45285308   1.78382242
    0.22570252   1.59650326  -1.44266641   2.75973606   2.54324436
    1.3399204   -5.39065123   2.66091156]
 [  1.02002478  -0.74666709   1.55541992  -0.41732836   1.64388776
    0.20799695   1.47126317  -1.32949424   2.54324436   2.34373593
    1.23480833  -4.96777391   2.45217228]
 [  0.53740484  -0.39338508   0.8194803   -0.21987142   0.86609006
    0.10958418   0.77514195  -0.70045036   1.3399204    1.23480833
    0.65056455  -2.61729503   1.29193854]
 [ -2.16204071   1.58263278  -3.29686213   0.88456762  -3.48437834
   -0.44086957  -3.11848402   2.81799102  -5.39065123  -4.96777391
   -2.61729503  10.52967453  -5.19761515]
 [  1.06721771  -0.78121275   1.62738371  -0.43663669   1.71994472
    0.21762024   1.53933334  -1.39100528   2.66091156   2.45217228
    1.29193854  -5.19761515   2.56562567]]
2	[[-0.94508916]
 [ 0.69181359]
 [-1.44115174]
 [ 0.38666955]
 [-1.5231204 ]
 [-0.19271657]
 [-1.36317754]
 [ 1.23182368]
 [-2.35640621]
 [-2.17155457]
 [-1.14409375]
 [ 4.60281897]
 [-2.27202463]]
1	[[  1.60172001e-01   1.95193782e-01   3.19291949e-02  -1.46814764e+00
    2.27123141e-01   1.85096696e-01  -3.34806204e-01  -1.56113906e-02
    2.55321860e-01   3.11949372e-01  -2.67326962e-02  -1.60499007e-01
   -2.59008497e-01]
 [  1.95193782e-01   2.37873107e-01   3.89105491e-02  -1.78915966e+00
    2.76783854e-01   2.25568280e-01  -4.08011943e-01  -1.90248378e-02
    3.11148256e-01   3.80157441e-01  -3.25778276e-02  -1.95592284e-01
   -3.15640986e-01]
 [  3.19291949e-02   3.89105491e-02   6.36486709e-03  -2.92665213e-01
    4.52754498e-02   3.68977636e-02  -6.67413324e-02  -3.11202416e-03
    5.08966669e-02   6.21849783e-02  -5.32898074e-03  -3.19943838e-02
   -5.16315736e-02]
 [ -1.46814764e+00  -1.78915966e+00  -2.92665213e-01   1.34571428e+01
   -2.08182645e+00  -1.69660914e+00   3.06885695e+00   1.43095091e-01
   -2.34029770e+00  -2.85934949e+00   2.45033756e-01   1.47114503e+00
    2.37408972e+00]
 [  2.27123141e-01   2.76783854e-01   4.52754498e-02  -2.08182645e+00
    3.22059572e-01   2.62466252e-01  -4.74753618e-01  -2.21368782e-02
    3.62045199e-01   4.42342758e-01  -3.79068404e-02  -2.27586851e-01
   -3.67272824e-01]
 [  1.85096696e-01   2.25568280e-01   3.68977636e-02  -1.69660914e+00
    2.62466252e-01   2.13899970e-01  -3.86906087e-01  -1.80407111e-02
    2.95053005e-01   3.60492468e-01  -3.08926255e-02  -1.85474589e-01
   -2.99313337e-01]
 [ -3.34806204e-01  -4.08011943e-01  -6.67413324e-02   3.06885695e+00
   -4.74753618e-01  -3.86906087e-01   6.99842632e-01   3.26323584e-02
   -5.33697128e-01  -6.52065158e-01   5.58791347e-02   3.35489750e-01
    5.41403294e-01]
 [ -1.56113906e-02  -1.90248378e-02  -3.11202416e-03   1.43095091e-01
   -2.21368782e-02  -1.80407111e-02   3.26323584e-02   1.52158621e-03
   -2.48853043e-02  -3.04045863e-02   2.60553998e-03   1.56432632e-02
    2.52446290e-02]
 [  2.55321860e-01   3.11148256e-01   5.08966669e-02  -2.34029770e+00
    3.62045199e-01   2.95053005e-01  -5.33697128e-01  -2.48853043e-02
    4.06995267e-01   4.97262269e-01  -4.26132008e-02  -2.55843133e-01
   -4.12871957e-01]
 [  3.11949372e-01   3.80157441e-01   6.21849783e-02  -2.85934949e+00
    4.42342758e-01   3.60492468e-01  -6.52065158e-01  -3.04045863e-02
    4.97262269e-01   6.07549429e-01  -5.20643294e-02  -3.12586248e-01
   -5.04442334e-01]
 [ -2.67326962e-02  -3.25778276e-02  -5.32898074e-03   2.45033756e-01
   -3.79068404e-02  -3.08926255e-02   5.58791347e-02   2.60553998e-03
   -4.26132008e-02  -5.20643294e-02   4.46168520e-03   2.67872754e-02
    4.32284996e-02]
 [ -1.60499007e-01  -1.95592284e-01  -3.19943838e-02   1.47114503e+00
   -2.27586851e-01  -1.85474589e-01   3.35489750e-01   1.56432632e-02
   -2.55843133e-01  -3.12586248e-01   2.67872754e-02   1.60826683e-01
    2.59537280e-01]
 [ -2.59008497e-01  -3.15640986e-01  -5.16315736e-02   2.37408972e+00
   -3.67272824e-01  -2.99313337e-01   5.41403294e-01   2.52446290e-02
   -4.12871957e-01  -5.04442334e-01   4.32284996e-02   2.59537280e-01
    4.18833494e-01]]
2	[[ 0.0362757 ]
 [ 0.04420742]
 [ 0.00723131]
 [-0.33250555]
 [ 0.05143877]
 [ 0.04192063]
 [-0.07582679]
 [-0.00353566]
 [ 0.0578252 ]
 [ 0.07065018]
 [-0.00605441]
 [-0.03634976]
 [-0.05866015]]
1	[[ 0.12645617  0.17343737 -0.55794543  0.09693789 -0.21289329 -0.02551614
  -0.37462658  0.28472883  0.22686353 -0.06074855 -0.45124304 -0.14814629
  -0.21468677]
 [ 0.17343737  0.23787311 -0.76523417  0.13295242 -0.29198775 -0.03499594
  -0.51380843  0.39051175  0.31114826 -0.08331794 -0.61888957 -0.20318583
  -0.29444754]
 [-0.55794543 -0.76523417  2.46174669 -0.42770591  0.93932015  0.1125814
   1.65291405 -1.25627041 -1.00095916  0.26803258  1.99095845  0.65364575
   0.94723332]
 [ 0.09693789  0.13295242 -0.42770591  0.07430997 -0.16319826 -0.01955999
  -0.28717864  0.21826544  0.17390747 -0.0465682  -0.34591076 -0.11356495
  -0.16457309]
 [-0.21289329 -0.29198775  0.93932015 -0.16319826  0.35841313  0.04295729
   0.63069665 -0.47935072 -0.38193253  0.10227226  0.75968307  0.24940933
   0.36143252]
 [-0.02551614 -0.03499594  0.1125814  -0.01955999  0.04295729  0.00514861
   0.07559159 -0.05745216 -0.04577619  0.01225775  0.09105115  0.02989274
   0.04331918]
 [-0.37462658 -0.51380843  1.65291405 -0.28717864  0.63069665  0.07559159
   1.10983169 -0.84350955 -0.6720835   0.17996764  1.33680809  0.43888357
   0.63600987]
 [ 0.28472883  0.39051175 -1.25627041  0.21826544 -0.47935072 -0.05745216
  -0.84350955  0.6410957   0.51080614 -0.13678148 -1.01601923 -0.33356631
  -0.48338893]
 [ 0.22686353  0.31114826 -1.00095916  0.17390747 -0.38193253 -0.04577619
  -0.6720835   0.51080614  0.40699527 -0.10898345 -0.80953419 -0.2657758
  -0.38515005]
 [-0.06074855 -0.08331794  0.26803258 -0.0465682   0.10227226  0.01225775
   0.17996764 -0.13678148 -0.10898345  0.02918312  0.2167736   0.0711683
   0.10313383]
 [-0.45124304 -0.61888957  1.99095845 -0.34591076  0.75968307  0.09105115
   1.33680809 -1.01601923 -0.80953419  0.2167736   1.61020446  0.52864152
   0.76608294]
 [-0.14814629 -0.20318583  0.65364575 -0.11356495  0.24940933  0.02989274
   0.43888357 -0.33356631 -0.2657758   0.0711683   0.52864152  0.17355675
   0.25151044]
 [-0.21468677 -0.29444754  0.94723332 -0.16457309  0.36143252  0.04331918
   0.63600987 -0.48338893 -0.38515005  0.10313383  0.76608294  0.25151044
   0.36447734]]
2	[[ 0.17156443]
 [ 0.23530433]
 [-0.75697047]
 [ 0.13151667]
 [-0.28883457]
 [-0.03461802]
 [-0.50825983]
 [ 0.3862946 ]
 [ 0.30778816]
 [-0.0824182 ]
 [-0.61220622]
 [-0.20099163]
 [-0.29126781]]
1	[[ 0.19080909 -0.21304542  0.44380566 -0.11907569  0.46904808 -0.05702546
   0.14795776 -0.386112    0.7256602   0.66873467  0.35232604 -1.24498069
   0.54292512]
 [-0.21304542  0.23787311 -0.49552548  0.13295242 -0.5237096   0.06367105
  -0.16520032  0.43110839 -0.8102265  -0.74666709 -0.39338508  1.3900671
  -0.60619599]
 [ 0.44380566 -0.49552548  1.0322541  -0.2769599   1.09096587 -0.13263635
   0.34413713 -0.8980636   1.68782377  1.55541992  0.8194803  -2.89571881
   1.26279747]
 [-0.11907569  0.13295242 -0.2769599   0.07430997 -0.2927126   0.03558712
  -0.09233403  0.24095578 -0.45285308 -0.41732836 -0.21987142  0.7769385
  -0.33881605]
 [ 0.46904808 -0.5237096   1.09096587 -0.2927126   1.15301692 -0.14018035
   0.3637107  -0.94914293  1.78382242  1.64388776  0.86609006 -3.06041932
   1.33462191]
 [-0.05702546  0.06367105 -0.13263635  0.03558712 -0.14018035  0.01704271
  -0.04421886  0.11539396 -0.21687178 -0.19985895 -0.10529663  0.3720766
  -0.16225933]
 [ 0.14795776 -0.16520032  0.34413713 -0.09233403  0.3637107  -0.04421886
   0.11472986 -0.29940015  0.56269366  0.5185523   0.27320173 -0.96538669
   0.42099664]
 [-0.386112    0.43110839 -0.8980636   0.24095578 -0.94914293  0.11539396
  -0.29940015  0.78131753 -1.46841073 -1.35321915 -0.71294987  2.51928258
  -1.09863687]
 [ 0.7256602  -0.8102265   1.68782377 -0.45285308  1.78382242 -0.21687178
   0.56269366 -1.46841073  2.75973606  2.54324436  1.3399204  -4.73474789
   2.0647819 ]
 [ 0.66873467 -0.74666709  1.55541992 -0.41732836  1.64388776 -0.19985895
