Group #0
[[ 0.17550631 -1.14421351  0.43624624  0.114201    0.52364064  0.23672686
   0.31247481 -0.70193071  0.31542525 -0.15118841 -0.51223237 -0.18477197
  -0.12607599]
 [-1.14421351  7.45970089 -2.84410773 -0.74453354 -3.41387554 -1.54334096
  -2.0371798   4.57623783 -2.05641517  0.98567294  3.33949936  1.20462101
   0.82195254]
 [ 0.43624624 -2.84410773  1.08435297  0.28386307  1.30158434  0.58841876
   0.77670122 -1.74475003  0.78403496 -0.3758006  -1.27322745 -0.45927739
  -0.31338007]
 [ 0.114201   -0.74453354  0.28386307  0.07430997  0.34073013  0.15403689
   0.20332567 -0.45674251  0.2052455  -0.09837748 -0.33330683 -0.12023012
  -0.08203697]
 [ 0.52364064 -3.41387554  1.30158434  0.34073013  1.56233425  0.70629829
   0.93229989 -2.09428054  0.94110281 -0.45108575 -1.52829656 -0.55128567
  -0.37616035]
 [ 0.23672686 -1.54334096  0.58841876  0.15403689  0.70629829  0.31930252
   0.42147307 -0.94677995  0.42545268 -0.20392633 -0.69091056 -0.2492246
  -0.17005414]
 [ 0.31247481 -2.0371798   0.77670122  0.20332567  0.93229989  0.42147307
   0.55633618 -1.24973097  0.5615892  -0.26917876 -0.91198839 -0.32897158
  -0.22446813]
 [-0.70193071  4.57623783 -1.74475003 -0.45674251 -2.09428054 -0.94677995
  -1.24973097  2.80734482 -1.26153113  0.60467221  2.04865363  0.73898837
   0.50423608]
 [ 0.31542525 -2.05641517  0.78403496  0.2052455   0.94110281  0.42545268
   0.5615892  -1.26153113  0.56689181 -0.27172038 -0.92059953 -0.33207778
  -0.22658759]
 [-0.15118841  0.98567294 -0.3758006  -0.09837748 -0.45108575 -0.20392633
  -0.26917876  0.60467221 -0.27172038  0.13023996  0.4412582   0.15917023
   0.10860709]
 [-0.51223237  3.33949936 -1.27322745 -0.33330683 -1.52829656 -0.69091056
  -0.91198839  2.04865363 -0.92059953  0.4412582   1.49500043  0.53927512
   0.36796515]
 [-0.18477197  1.20462101 -0.45927739 -0.12023012 -0.55128567 -0.2492246
  -0.32897158  0.73898837 -0.33207778  0.15917023  0.53927512  0.1945268
   0.13273204]
 [-0.12607599  0.82195254 -0.31338007 -0.08203697 -0.37616035 -0.17005414
  -0.22446813  0.50423608 -0.22658759  0.10860709  0.36796515  0.13273204
   0.09056744]]

Group #400
[[ 0.16564071]
 [-1.07989471]
 [ 0.41172387]
 [ 0.10778151]
 [ 0.49420562]
 [ 0.22341991]
 [ 0.2949099 ]
 [-0.66247361]
 [ 0.29769449]
 [-0.14268977]
 [-0.48343864]
 [-0.17438552]
 [-0.11898898]]

Group #1
[[ 0.13877668  0.18168996  0.26833974  0.10155044  0.16313999 -0.46617005
  -0.15002684  0.10259465  0.06635473  0.22399183  0.18180796 -0.06292605
   0.3286148 ]
 [ 0.18168996  0.23787311  0.35131722  0.13295242  0.21358703 -0.61032168
  -0.19641896  0.13431953  0.0868733   0.2932558   0.23802761 -0.08238438
   0.43023086]
 [ 0.26833974  0.35131722  0.51886397  0.19635878  0.31544886 -0.9013903
  -0.29009316  0.19837788  0.12830406  0.43311248  0.35154539 -0.12167433
   0.63541233]
 [ 0.10155044  0.13295242  0.19635878  0.07430997  0.1193784  -0.34112196
  -0.10978279  0.07507409  0.04855536  0.163907    0.13303877 -0.04604641
   0.24046531]
 [ 0.16313999  0.21358703  0.31544886  0.1193784   0.19178048 -0.54800979
  -0.17636521  0.12060594  0.07800381  0.26331533  0.21372575 -0.0739732
   0.38630567]
 [-0.46617005 -0.61032168 -0.9013903  -0.34112196 -0.54800979  1.56592963
   0.5039609  -0.34462963 -0.22289471 -0.75241953 -0.61071808  0.21137729
  -1.10386255]
 [-0.15002684 -0.19641896 -0.29009316 -0.10978279 -0.17636521  0.5039609
   0.16218902 -0.11091166 -0.07173389 -0.24215011 -0.19654653  0.06802725
  -0.35525451]
 [ 0.10259465  0.13431953  0.19837788  0.07507409  0.12060594 -0.34462963
  -0.11091166  0.07584605  0.04905464  0.16559241  0.13440677 -0.04651989
   0.24293795]
 [ 0.06635473  0.0868733   0.12830406  0.04855536  0.07800381 -0.22289471
  -0.07173389  0.04905464  0.03172687  0.10709953  0.08692972 -0.03008748
   0.157124  ]
 [ 0.22399183  0.2932558   0.43311248  0.163907    0.26331533 -0.75241953
  -0.24215011  0.16559241  0.10709953  0.36153295  0.29344627 -0.10156548
   0.53039915]
 [ 0.18180796  0.23802761  0.35154539  0.13303877  0.21372575 -0.61071808
  -0.19654653  0.13440677  0.08692972  0.29344627  0.2381822  -0.08243789
   0.43051029]
 [-0.06292605 -0.08238438 -0.12167433 -0.04604641 -0.0739732   0.21137729
   0.06802725 -0.04651989 -0.03008748 -0.10156548 -0.08243789  0.0285328
  -0.14900508]
 [ 0.3286148   0.43023086  0.63541233  0.24046531  0.38630567 -1.10386255
  -0.35525451  0.24293795  0.157124    0.53039915  0.43051029 -0.14900508
   0.77814003]]

Group #401
[[-0.36762887]
 [-0.48130906]
 [-0.71085025]
 [-0.26901403]
 [-0.43216895]
 [ 1.2349162 ]
 [ 0.39743132]
 [-0.27178023]
 [-0.1757782 ]
 [-0.59336962]
 [-0.48162167]
 [ 0.16669538]
 [-0.87052299]]

